seed=1
spin=0.5
L=8
temp=0.06
tmin=0.06
tmax=0.06
J1=-0.00602107747015
J2=-0.0324785047848
J3=-0.0309961974803
J4=-0.057453624795
gxy=-0.2324
gz=2.35
Jnnn=-0.0005
deltat=0.02
nstarts=1
disorder=0.00
mcmove=conical
start_config=random
nsamples=1000000000
nreplicas=1
omegamin=0.00
omegamax=0.40
omegaspacing=0.01
tottime=500.00
